149432858
149432863
149432864
149432883
149432899
149432917
149433013
149433028
149433071
149433093
149433100
149433101
149433102
149433120
149433132
149433227
149433322
149433369
149433383
149433399
149433400
149433401
149433402
149433411
149433433
149433476
149433516
149433531
149433568
149433576
149433596
149433597
149433627
149433644
149433644
149433645
149433645
149433646
149433665
149433678
149433689
149433710
149433722
149433746
149433752
149433755
149433878
149433886
149433886
149433887
149433888
149433902
149433931
149433939
149433947
149433949
149433977
149433984
149433990
149433995
149434822
149434825
149434830
149434832
149434848
149434851
149434851
149434888
149434892
149435597
149435602
149435606
149435608
149435612
149435615
149435616
149435631
149435634
149435635
149435644
149435660
149435663
149435672
149435675
149435683
149435693
149435693
149435777
149435781
149435843
149435846
149435849
149435874
149435875
149435879
149435879
149435882
149435882
149435894
149435895
149435898
149435900
149435906
149436861
149436865
149436872
149436875
149436911
149436929
149436930
149437071
149437078
149437122
149437123
149437152
149439258
149439266
149439313
149440436
149440437
149440465
149440465
149440497
149440505
149440654
149441113
149441116
149441146
149441152
149441159
149441160
149441271
149441279
149441294
149441311
149441323
149441328
149441338
149447766
149447771
149447775
149447798
149447817
149447844
149447852
149447884
149447886
149447889
149449423
149449505
149449526
149449542
149449733
149449758
149449827
149449844
149449848
149449862
149449871
149450038
149450085
149450106
149450132
149450142
149452890
149453003
149453043
149453044
149453044
149453051
149456847
149456893
149456926
149456964
149456995
149456995
149457678
149457683
149457684
149457746
149457757
149457763
149457820
149459615
149459689
149459724
149459750
149459751
149459758
149459790
149459812
149459839
149459853
149459859
149459870
149459891
149460325
149460338
149460343
149460355
149460369
149460412
149460413
149460418
149460442
149460445
149460459
149460542
149460553
149465928
149465949
149465978
149465992
149466015
149466091
149466092
149466105
149492830
149492842
149492843
149492892
